123!@#
456!@#
789!@#
520
5201314
.
..
...
....
,
,,
,,,
,,,,
_123
_456
_789
147!@#
258!@#
369!@#
111
222
333
444
555
666
777
888
999
111222
222333
333444
444555
555666
666777
777888
888999
666888
12
123
1234
admin2010
admin2011
admin2012
admin2013
admin2014
admin2015
admin2016
admin2017
admin2018
admin2019
admin2020
0
1
2
3
4
5
6
7
8
00
11
22
33
44
55
66
77
88
99
000
0000
1111
2222
3333
4444
5555
6666
7777
8888
9999
00000
11111
22222
33333
44444
55555
66666
77777
88888
99999
000000
111111
222222
333333
444444
555555
666666
777777
888888
999999
0000000
1111111
2222222
3333333
4444444
5555555
6666666
7777777
8888888
9999999
00000000
11111111
22222222
33333333
44444444
55555555
66666666
77777777
88888888
99999999
